Describe
Array
Quick Sort
Merge Sort
CtrlV
Bubble Sort
Array
y1=[841 ,1346 ,2194 ,3190 ,4208 ,5472 ,7254 ,10410 ,13224 ,16151 ,20043 ,26508 ,27783 ,34338 ,35102 ,47503 ,31516 ,36203 ,41275 ,46864 ,53040 ,59532 ,66640 ,74248 ,82671 ,91212 ,100597 ,110648 ,121313 ,132696 ,144641 ,157267 ,170728 ,184885 ,199746 ,215826 ,232334 ,249443 ,267981 ,286786 ,306668 ,328921 ,349428 ,371978 ,395840 ]
y2=[260 ,358 ,486 ,649 ,781 ,887 ,1145 ,1525 ,1821 ,2126 ,2444 ,3248 ,3036 ,3568 ,3515 ,4539 ,2886 ,3192 ,3507 ,3855 ,4216 ,4580 ,4958 ,5355 ,5760 ,6182 ,6639 ,7191 ,7591 ,8099 ,8619 ,9169 ,9731 ,10308 ,11048 ,11508 ,12123 ,12748 ,13454 ,14082 ,14907 ,15464 ,16343 ,17011 ,17802 ]
y3=[3306 ,5620 ,9046 ,13685 ,17395 ,22740 ,35732 ,46233 ,55238 ,69475 ,91072 ,112012 ,124866 ,146120 ,163411 ,200882 ,140429 ,161428 ,184643 ,209741 ,238887 ,272611 ,300739 ,333518 ,371723 ,410127 ,453576 ,505392 ,546738 ,597258 ,654841 ,710867 ,774626 ,844750 ,908442 ,980265 ,1049335 ,1128077 ,1209726 ,1295824 ,1393200 ,1484970 ,1593885 ,1706165 ,1795921 ]
y4=[3305 ,5943 ,8998 ,13090 ,17296 ,23316 ,35316 ,45408 ,55171 ,68166 ,88901 ,105767 ,129011 ,142545 ,177528 ,149044 ,140828 ,161564 ,183929 ,209028 ,236138 ,269422 ,297864 ,332337 ,370063 ,408395 ,467836 ,495337 ,546176 ,595222 ,656847 ,710746 ,779144 ,835323 ,906223 ,973124 ,1044725 ,1122694 ,1204283 ,1290259 ,1383082 ,1485542 ,1576438 ,1690737 ,1784662 ]
x=[100 ,120 ,140 ,160 ,180 ,200 ,220 ,240 ,260 ,280 ,300 ,320 ,340 ,360 ,380 ,400 ,420 ,440 ,460 ,480 ,500 ,520 ,540 ,560 ,580 ,600 ,620 ,640 ,660 ,680 ,700 ,720 ,740 ,760 ,780 ,800 ,820 ,840 ,860 ,880 ,900 ,920 ,940 ,960 ,980 ]
